(kicad_pcb (version 20171130) (host pcbnew 5.1.5-52549c5~84~ubuntu18.04.1)

  (general
    (thickness 1.6002)
    (drawings 6)
    (tracks 0)
    (zones 0)
    (modules 68)
    (nets 53)
  )

  (page A4)
  (title_block
    (title Actionneur_piezo)
    (company "Kicad devs")
    (comment 1 Demo)
  )

  (layers
    (0 top_copper power)
    (31 bottom_copper signal)
    (32 B.Adhes user)
    (33 F.Adhes user)
    (34 B.Paste user)
    (35 F.Paste user)
    (36 B.SilkS user)
    (37 F.SilkS user)
    (38 B.Mask user)
    (39 F.Mask user)
    (40 Dwgs.User user)
    (41 Cmts.User user)
    (42 Eco1.User user)
    (43 Eco2.User user)
    (44 Edge.Cuts user)
    (45 Margin user)
    (46 B.CrtYd user)
    (47 F.CrtYd user)
    (48 B.Fab user)
    (49 F.Fab user)
  )

  (setup
    (last_trace_width 0.4)
    (trace_clearance 0.3)
    (zone_clearance 0.508)
    (zone_45_only no)
    (trace_min 0.2032)
    (via_size 1.651)
    (via_drill 0.635)
    (via_min_size 0.889)
    (via_min_drill 0.508)
    (uvia_size 0.508)
    (uvia_drill 0.2032)
    (uvias_allowed no)
    (uvia_min_size 0.508)
    (uvia_min_drill 0.2032)
    (edge_width 0.1)
    (segment_width 0.3)
    (pcb_text_width 0.3)
    (pcb_text_size 2 2)
    (mod_edge_width 0.2)
    (mod_text_size 1 1)
    (mod_text_width 0.2)
    (pad_size 2.286 2.286)
    (pad_drill 0.8128)
    (pad_to_mask_clearance 0.254)
    (aux_axis_origin 83.5 138)
    (visible_elements 7FFFFFFF)
    (pcbplotparams
      (layerselection 0x000fc_80000001)
      (usegerberextensions false)
      (usegerberattributes true)
      (usegerberadvancedattributes false)
      (creategerberjobfile false)
      (excludeedgelayer false)
      (linewidth 0.150000)
      (plotframeref false)
      (viasonmask false)
      (mode 1)
      (useauxorigin true)
      (hpglpennumber 1)
      (hpglpenspeed 20)
      (hpglpendiameter 15.000000)
      (psnegative false)
      (psa4output false)
      (plotreference true)
      (plotvalue true)
      (plotinvisibletext false)
      (padsonsilk false)
      (subtractmaskfromsilk false)
      (outputformat 1)
      (mirror false)
      (drillshape 0)
      (scaleselection 1)
      (outputdirectory ""))
  )

  (net 0 "")
  (net 1 -VAA)
  (net 2 /12Vext)
  (net 3 /ampli_ht_horizontal/PIEZO_IN)
  (net 4 /ampli_ht_horizontal/PIEZO_OUT)
  (net 5 /ampli_ht_horizontal/S_OUT+)
  (net 6 /ampli_ht_horizontal/Vpil_0_3,3V)
  (net 7 /ampli_ht_vertical/PIEZO_IN)
  (net 8 /ampli_ht_vertical/PIEZO_OUT)
  (net 9 /ampli_ht_vertical/S_OUT+)
  (net 10 /ampli_ht_vertical/Vpil_0_3,3V)
  (net 11 GND)
  (net 12 HT)
  (net 13 "Net-(C10-Pad1)")
  (net 14 "Net-(C10-Pad2)")
  (net 15 "Net-(C12-Pad1)")
  (net 16 "Net-(C14-Pad1)")
  (net 17 "Net-(C3-Pad2)")
  (net 18 "Net-(C4-Pad1)")
  (net 19 "Net-(C5-Pad1)")
  (net 20 "Net-(C6-Pad2)")
  (net 21 "Net-(C7-Pad1)")
  (net 22 "Net-(C8-Pad1)")
  (net 23 "Net-(D4-Pad1)")
  (net 24 "Net-(D4-Pad2)")
  (net 25 "Net-(D7-Pad1)")
  (net 26 "Net-(D7-Pad2)")
  (net 27 "Net-(Q1-PadE)")
  (net 28 "Net-(Q2-PadE)")
  (net 29 "Net-(Q3-PadE)")
  (net 30 "Net-(Q4-PadB)")
  (net 31 "Net-(Q4-PadE)")
  (net 32 "Net-(Q5-PadE)")
  (net 33 "Net-(Q6-PadE)")
  (net 34 "Net-(Q7-PadE)")
  (net 35 "Net-(Q8-PadB)")
  (net 36 "Net-(Q8-PadE)")
  (net 37 "Net-(R11-Pad1)")
  (net 38 "Net-(R19-Pad2)")
  (net 39 "Net-(R21-Pad1)")
  (net 40 "Net-(R9-Pad2)")
  (net 41 "Net-(RV1-Pad2)")
  (net 42 "Net-(RV2-Pad2)")
  (net 43 VCC)
  (net 44 "Net-(U1-Pad6)")
  (net 45 "Net-(U1-Pad7)")
  (net 46 "Net-(D2-Pad1)")
  (net 47 "Net-(D3-Pad1)")
  (net 48 "Net-(D5-Pad1)")
  (net 49 "Net-(D6-Pad1)")
  (net 50 "Net-(D8-Pad2)")
  (net 51 "Net-(D9-Pad2)")
  (net 52 +12C)

  (net_class Default "Ceci est la Netclass par défaut"
    (clearance 0.3)
    (trace_width 0.4)
    (via_dia 1.651)
    (via_drill 0.635)
    (uvia_dia 0.508)
    (uvia_drill 0.2032)
    (add_net +12C)
    (add_net /ampli_ht_horizontal/PIEZO_IN)
    (add_net /ampli_ht_horizontal/PIEZO_OUT)
    (add_net /ampli_ht_horizontal/S_OUT+)
    (add_net /ampli_ht_horizontal/Vpil_0_3,3V)
    (add_net /ampli_ht_vertical/PIEZO_IN)
    (add_net /ampli_ht_vertical/PIEZO_OUT)
    (add_net /ampli_ht_vertical/S_OUT+)
    (add_net /ampli_ht_vertical/Vpil_0_3,3V)
    (add_net "Net-(C10-Pad1)")
    (add_net "Net-(C10-Pad2)")
    (add_net "Net-(C12-Pad1)")
    (add_net "Net-(C14-Pad1)")
    (add_net "Net-(C3-Pad2)")
    (add_net "Net-(C4-Pad1)")
    (add_net "Net-(C5-Pad1)")
    (add_net "Net-(C6-Pad2)")
    (add_net "Net-(C7-Pad1)")
    (add_net "Net-(C8-Pad1)")
    (add_net "Net-(D2-Pad1)")
    (add_net "Net-(D3-Pad1)")
    (add_net "Net-(D4-Pad1)")
    (add_net "Net-(D4-Pad2)")
    (add_net "Net-(D5-Pad1)")
    (add_net "Net-(D6-Pad1)")
    (add_net "Net-(D7-Pad1)")
    (add_net "Net-(D7-Pad2)")
    (add_net "Net-(D8-Pad2)")
    (add_net "Net-(D9-Pad2)")
    (add_net "Net-(Q1-PadE)")
    (add_net "Net-(Q2-PadE)")
    (add_net "Net-(Q3-PadE)")
    (add_net "Net-(Q4-PadB)")
    (add_net "Net-(Q4-PadE)")
    (add_net "Net-(Q5-PadE)")
    (add_net "Net-(Q6-PadE)")
    (add_net "Net-(Q7-PadE)")
    (add_net "Net-(Q8-PadB)")
    (add_net "Net-(Q8-PadE)")
    (add_net "Net-(R11-Pad1)")
    (add_net "Net-(R19-Pad2)")
    (add_net "Net-(R21-Pad1)")
    (add_net "Net-(R9-Pad2)")
    (add_net "Net-(RV1-Pad2)")
    (add_net "Net-(RV2-Pad2)")
    (add_net "Net-(U1-Pad6)")
    (add_net "Net-(U1-Pad7)")
  )

  (net_class power ""
    (clearance 0.3)
    (trace_width 0.6)
    (via_dia 1.651)
    (via_drill 0.635)
    (uvia_dia 0.508)
    (uvia_drill 0.2032)
    (add_net -VAA)
    (add_net /12Vext)
    (add_net GND)
    (add_net HT)
    (add_net VCC)
  )

  (module TerminalBlock_Phoenix:TerminalBlock_Phoenix_MKDS-1,5-2-5.08_1x02_P5.08mm_Horizontal (layer top_copper) (tedit 5A081FFE) (tstamp 5A611E0F)
    (at 182.245 100.076 90)
    (descr "Terminal Block Phoenix MKDS-1,5-2-5.08, 2 pins, pitch 5.08mm, size 10.16x9.8mm^2, drill diamater 1.3mm, pad diameter 2.6mm, see http://www.farnell.com/datasheets/100425.pdf, script-generated using https://github.com/pointhi/kicad-footprint-generator/scripts/TerminalBlock_Phoenix")
    (tags "THT Terminal Block Phoenix MKDS-1.5-2-5.08 pitch 5.08mm size 10.16x9.8mm^2 drill 1.3mm pad 2.6mm")
    (path /4B3A13A4/4B3A136C)
    (fp_text reference P5 (at 2.54 -6.26 90) (layer F.SilkS)
      (effects (font (size 1 1) (thickness 0.15)))
    )
    (fp_text value CONN_2 (at 2.54 5.66 90) (layer F.Fab)
      (effects (font (size 1 1) (thickness 0.15)))
    )
    (fp_text user %R (at 2.54 3.2 90) (layer F.Fab)
      (effects (font (size 1 1) (thickness 0.15)))
    )
    (fp_line (start 8.15 -5.75) (end -3.05 -5.75) (layer F.CrtYd) (width 0.05))
    (fp_line (start 8.15 5.1) (end 8.15 -5.75) (layer F.CrtYd) (width 0.05))
    (fp_line (start -3.05 5.1) (end 8.15 5.1) (layer F.CrtYd) (width 0.05))
    (fp_line (start -3.05 -5.75) (end -3.05 5.1) (layer F.CrtYd) (width 0.05))
    (fp_line (start -2.84 4.9) (end -2.34 4.9) (layer F.SilkS) (width 0.12))
    (fp_line (start -2.84 4.16) (end -2.84 4.9) (layer F.SilkS) (width 0.12))
    (fp_line (start 3.853 1.023) (end 3.806 1.069) (layer F.SilkS) (width 0.12))
    (fp_line (start 6.15 -1.275) (end 6.115 -1.239) (layer F.SilkS) (width 0.12))
    (fp_line (start 4.046 1.239) (end 4.011 1.274) (layer F.SilkS) (width 0.12))
    (fp_line (start 6.355 -1.069) (end 6.308 -1.023) (layer F.SilkS) (width 0.12))
    (fp_line (start 6.035 -1.138) (end 3.943 0.955) (layer F.Fab) (width 0.1))
    (fp_line (start 6.218 -0.955) (end 4.126 1.138) (layer F.Fab) (width 0.1))
    (fp_line (start 0.955 -1.138) (end -1.138 0.955) (layer F.Fab) (width 0.1))
    (fp_line (start 1.138 -0.955) (end -0.955 1.138) (layer F.Fab) (width 0.1))
    (fp_line (start 7.68 -5.261) (end 7.68 4.66) (layer F.SilkS) (width 0.12))
    (fp_line (start -2.6 -5.261) (end -2.6 4.66) (layer F.SilkS) (width 0.12))
    (fp_line (start -2.6 4.66) (end 7.68 4.66) (layer F.SilkS) (width 0.12))
    (fp_line (start -2.6 -5.261) (end 7.68 -5.261) (layer F.SilkS) (width 0.12))
    (fp_line (start -2.6 -2.301) (end 7.68 -2.301) (layer F.SilkS) (width 0.12))
    (fp_line (start -2.54 -2.3) (end 7.62 -2.3) (layer F.Fab) (width 0.1))
    (fp_line (start -2.6 2.6) (end 7.68 2.6) (layer F.SilkS) (width 0.12))
    (fp_line (start -2.54 2.6) (end 7.62 2.6) (layer F.Fab) (width 0.1))
    (fp_line (start -2.6 4.1) (end 7.68 4.1) (layer F.SilkS) (width 0.12))
    (fp_line (start -2.54 4.1) (end 7.62 4.1) (layer F.Fab) (width 0.1))
    (fp_line (start -2.54 4.1) (end -2.54 -5.2) (layer F.Fab) (width 0.1))
    (fp_line (start -2.04 4.6) (end -2.54 4.1) (layer F.Fab) (width 0.1))
    (fp_line (start 7.62 4.6) (end -2.04 4.6) (layer F.Fab) (width 0.1))
    (fp_line (start 7.62 -5.2) (end 7.62 4.6) (layer F.Fab) (width 0.1))
    (fp_line (start -2.54 -5.2) (end 7.62 -5.2) (layer F.Fab) (width 0.1))
    (fp_circle (center 5.08 0) (end 6.76 0) (layer F.SilkS) (width 0.12))
    (fp_circle (center 5.08 0) (end 6.58 0) (layer F.Fab) (width 0.1))
    (fp_circle (center 0 0) (end 1.5 0) (layer F.Fab) (width 0.1))
    (fp_arc (start 0 0) (end -0.684 1.535) (angle -25) (layer F.SilkS) (width 0.12))
    (fp_arc (start 0 0) (end -1.535 -0.684) (angle -48) (layer F.SilkS) (width 0.12))
    (fp_arc (start 0 0) (end 0.684 -1.535) (angle -48) (layer F.SilkS) (width 0.12))
    (fp_arc (start 0 0) (end 1.535 0.684) (angle -48) (layer F.SilkS) (width 0.12))
    (fp_arc (start 0 0) (end 0 1.68) (angle -24) (layer F.SilkS) (width 0.12))
    (pad 2 thru_hole circle (at 5.08 0 90) (size 2.6 2.6) (drill 1.3) (layers *.Cu *.Mask)
      (net 11 GND))
    (pad 1 thru_hole rect (at 0 0 90) (size 2.6 2.6) (drill 1.3) (layers *.Cu *.Mask)
      (net 4 /ampli_ht_horizontal/PIEZO_OUT))
    (model ${KISYS3DMOD}/TerminalBlock_Phoenix.3dshapes/TerminalBlock_Phoenix_MKDS-1,5-2-5.08_1x02_P5.08mm_Horizontal.wrl
      (at (xyz 0 0 0))
      (scale (xyz 1 1 1))
      (rotate (xyz 0 0 0))
    )
  )

  (module TerminalBlock_Phoenix:TerminalBlock_Phoenix_MKDS-1,5-2-5.08_1x02_P5.08mm_Horizontal (layer top_copper) (tedit 5A081FFE) (tstamp 5A611DE4)
    (at 95.885 84.836 270)
    (descr "Terminal Block Phoenix MKDS-1,5-2-5.08, 2 pins, pitch 5.08mm, size 10.16x9.8mm^2, drill diamater 1.3mm, pad diameter 2.6mm, see http://www.farnell.com/datasheets/100425.pdf, script-generated using https://github.com/pointhi/kicad-footprint-generator/scripts/TerminalBlock_Phoenix")
    (tags "THT Terminal Block Phoenix MKDS-1.5-2-5.08 pitch 5.08mm size 10.16x9.8mm^2 drill 1.3mm pad 2.6mm")
    (path /4B3A13A4/4B3A1367)
    (fp_text reference P6 (at 2.54 -6.26 270) (layer F.SilkS)
      (effects (font (size 1 1) (thickness 0.15)))
    )
    (fp_text value CONN_2 (at 2.54 5.66 270) (layer F.Fab)
      (effects (font (size 1 1) (thickness 0.15)))
    )
    (fp_arc (start 0 0) (end 0 1.68) (angle -24) (layer F.SilkS) (width 0.12))
    (fp_arc (start 0 0) (end 1.535 0.684) (angle -48) (layer F.SilkS) (width 0.12))
    (fp_arc (start 0 0) (end 0.684 -1.535) (angle -48) (layer F.SilkS) (width 0.12))
    (fp_arc (start 0 0) (end -1.535 -0.684) (angle -48) (layer F.SilkS) (width 0.12))
    (fp_arc (start 0 0) (end -0.684 1.535) (angle -25) (layer F.SilkS) (width 0.12))
    (fp_circle (center 0 0) (end 1.5 0) (layer F.Fab) (width 0.1))
    (fp_circle (center 5.08 0) (end 6.58 0) (layer F.Fab) (width 0.1))
    (fp_circle (center 5.08 0) (end 6.76 0) (layer F.SilkS) (width 0.12))
    (fp_line (start -2.54 -5.2) (end 7.62 -5.2) (layer F.Fab) (width 0.1))
    (fp_line (start 7.62 -5.2) (end 7.62 4.6) (layer F.Fab) (width 0.1))
    (fp_line (start 7.62 4.6) (end -2.04 4.6) (layer F.Fab) (width 0.1))
    (fp_line (start -2.04 4.6) (end -2.54 4.1) (layer F.Fab) (width 0.1))
    (fp_line (start -2.54 4.1) (end -2.54 -5.2) (layer F.Fab) (width 0.1))
    (fp_line (start -2.54 4.1) (end 7.62 4.1) (layer F.Fab) (width 0.1))
    (fp_line (start -2.6 4.1) (end 7.68 4.1) (layer F.SilkS) (width 0.12))
    (fp_line (start -2.54 2.6) (end 7.62 2.6) (layer F.Fab) (width 0.1))
    (fp_line (start -2.6 2.6) (end 7.68 2.6) (layer F.SilkS) (width 0.12))
    (fp_line (start -2.54 -2.3) (end 7.62 -2.3) (layer F.Fab) (width 0.1))
    (fp_line (start -2.6 -2.301) (end 7.68 -2.301) (layer F.SilkS) (width 0.12))
    (fp_line (start -2.6 -5.261) (end 7.68 -5.261) (layer F.SilkS) (width 0.12))
    (fp_line (start -2.6 4.66) (end 7.68 4.66) (layer F.SilkS) (width 0.12))
    (fp_line (start -2.6 -5.261) (end -2.6 4.66) (layer F.SilkS) (width 0.12))
    (fp_line (start 7.68 -5.261) (end 7.68 4.66) (layer F.SilkS) (width 0.12))
    (fp_line (start 1.138 -0.955) (end -0.955 1.138) (layer F.Fab) (width 0.1))
    (fp_line (start 0.955 -1.138) (end -1.138 0.955) (layer F.Fab) (width 0.1))
    (fp_line (start 6.218 -0.955) (end 4.126 1.138) (layer F.Fab) (width 0.1))
    (fp_line (start 6.035 -1.138) (end 3.943 0.955) (layer F.Fab) (width 0.1))
    (fp_line (start 6.355 -1.069) (end 6.308 -1.023) (layer F.SilkS) (width 0.12))
    (fp_line (start 4.046 1.239) (end 4.011 1.274) (layer F.SilkS) (width 0.12))
    (fp_line (start 6.15 -1.275) (end 6.115 -1.239) (layer F.SilkS) (width 0.12))
    (fp_line (start 3.853 1.023) (end 3.806 1.069) (layer F.SilkS) (width 0.12))
    (fp_line (start -2.84 4.16) (end -2.84 4.9) (layer F.SilkS) (width 0.12))
    (fp_line (start -2.84 4.9) (end -2.34 4.9) (layer F.SilkS) (width 0.12))
    (fp_line (start -3.05 -5.75) (end -3.05 5.1) (layer F.CrtYd) (width 0.05))
    (fp_line (start -3.05 5.1) (end 8.15 5.1) (layer F.CrtYd) (width 0.05))
    (fp_line (start 8.15 5.1) (end 8.15 -5.75) (layer F.CrtYd) (width 0.05))
    (fp_line (start 8.15 -5.75) (end -3.05 -5.75) (layer F.CrtYd) (width 0.05))
    (fp_text user %R (at 2.54 3.2 270) (layer F.Fab)
      (effects (font (size 1 1) (thickness 0.15)))
    )
    (pad 1 thru_hole rect (at 0 0 270) (size 2.6 2.6) (drill 1.3) (layers *.Cu *.Mask)
      (net 3 /ampli_ht_horizontal/PIEZO_IN))
    (pad 2 thru_hole circle (at 5.08 0 270) (size 2.6 2.6) (drill 1.3) (layers *.Cu *.Mask)
      (net 11 GND))
    (model ${KISYS3DMOD}/TerminalBlock_Phoenix.3dshapes/TerminalBlock_Phoenix_MKDS-1,5-2-5.08_1x02_P5.08mm_Horizontal.wrl
      (at (xyz 0 0 0))
      (scale (xyz 1 1 1))
      (rotate (xyz 0 0 0))
    )
  )

  (module TerminalBlock_Phoenix:TerminalBlock_Phoenix_MKDS-1,5-2-5.08_1x02_P5.08mm_Horizontal (layer top_copper) (tedit 5A081FFE) (tstamp 5A611DB9)
    (at 182.245 122.936 90)
    (descr "Terminal Block Phoenix MKDS-1,5-2-5.08, 2 pins, pitch 5.08mm, size 10.16x9.8mm^2, drill diamater 1.3mm, pad diameter 2.6mm, see http://www.farnell.com/datasheets/100425.pdf, script-generated using https://github.com/pointhi/kicad-footprint-generator/scripts/TerminalBlock_Phoenix")
    (tags "THT Terminal Block Phoenix MKDS-1.5-2-5.08 pitch 5.08mm size 10.16x9.8mm^2 drill 1.3mm pad 2.6mm")
    (path /4B3A1333/4B3A136C)
    (fp_text reference P3 (at 2.54 -6.26 90) (layer F.SilkS)
      (effects (font (size 1 1) (thickness 0.15)))
    )
    (fp_text value CONN_2 (at 2.54 5.66 90) (layer F.Fab)
      (effects (font (size 1 1) (thickness 0.15)))
    )
    (fp_text user %R (at 2.54 3.2 90) (layer F.Fab)
      (effects (font (size 1 1) (thickness 0.15)))
    )
    (fp_line (start 8.15 -5.75) (end -3.05 -5.75) (layer F.CrtYd) (width 0.05))
    (fp_line (start 8.15 5.1) (end 8.15 -5.75) (layer F.CrtYd) (width 0.05))
    (fp_line (start -3.05 5.1) (end 8.15 5.1) (layer F.CrtYd) (width 0.05))
    (fp_line (start -3.05 -5.75) (end -3.05 5.1) (layer F.CrtYd) (width 0.05))
    (fp_line (start -2.84 4.9) (end -2.34 4.9) (layer F.SilkS) (width 0.12))
    (fp_line (start -2.84 4.16) (end -2.84 4.9) (layer F.SilkS) (width 0.12))
    (fp_line (start 3.853 1.023) (end 3.806 1.069) (layer F.SilkS) (width 0.12))
    (fp_line (start 6.15 -1.275) (end 6.115 -1.239) (layer F.SilkS) (width 0.12))
    (fp_line (start 4.046 1.239) (end 4.011 1.274) (layer F.SilkS) (width 0.12))
    (fp_line (start 6.355 -1.069) (end 6.308 -1.023) (layer F.SilkS) (width 0.12))
    (fp_line (start 6.035 -1.138) (end 3.943 0.955) (layer F.Fab) (width 0.1))
    (fp_line (start 6.218 -0.955) (end 4.126 1.138) (layer F.Fab) (width 0.1))
    (fp_line (start 0.955 -1.138) (end -1.138 0.955) (layer F.Fab) (width 0.1))
    (fp_line (start 1.138 -0.955) (end -0.955 1.138) (layer F.Fab) (width 0.1))
    (fp_line (start 7.68 -5.261) (end 7.68 4.66) (layer F.SilkS) (width 0.12))
    (fp_line (start -2.6 -5.261) (end -2.6 4.66) (layer F.SilkS) (width 0.12))
    (fp_line (start -2.6 4.66) (end 7.68 4.66) (layer F.SilkS) (width 0.12))
    (fp_line (start -2.6 -5.261) (end 7.68 -5.261) (layer F.SilkS) (width 0.12))
    (fp_line (start -2.6 -2.301) (end 7.68 -2.301) (layer F.SilkS) (width 0.12))
    (fp_line (start -2.54 -2.3) (end 7.62 -2.3) (layer F.Fab) (width 0.1))
    (fp_line (start -2.6 2.6) (end 7.68 2.6) (layer F.SilkS) (width 0.12))
    (fp_line (start -2.54 2.6) (end 7.62 2.6) (layer F.Fab) (width 0.1))
    (fp_line (start -2.6 4.1) (end 7.68 4.1) (layer F.SilkS) (width 0.12))
    (fp_line (start -2.54 4.1) (end 7.62 4.1) (layer F.Fab) (width 0.1))
    (fp_line (start -2.54 4.1) (end -2.54 -5.2) (layer F.Fab) (width 0.1))
    (fp_line (start -2.04 4.6) (end -2.54 4.1) (layer F.Fab) (width 0.1))
    (fp_line (start 7.62 4.6) (end -2.04 4.6) (layer F.Fab) (width 0.1))
    (fp_line (start 7.62 -5.2) (end 7.62 4.6) (layer F.Fab) (width 0.1))
    (fp_line (start -2.54 -5.2) (end 7.62 -5.2) (layer F.Fab) (width 0.1))
    (fp_circle (center 5.08 0) (end 6.76 0) (layer F.SilkS) (width 0.12))
    (fp_circle (center 5.08 0) (end 6.58 0) (layer F.Fab) (width 0.1))
    (fp_circle (center 0 0) (end 1.5 0) (layer F.Fab) (width 0.1))
    (fp_arc (start 0 0) (end -0.684 1.535) (angle -25) (layer F.SilkS) (width 0.12))
    (fp_arc (start 0 0) (end -1.535 -0.684) (angle -48) (layer F.SilkS) (width 0.12))
    (fp_arc (start 0 0) (end 0.684 -1.535) (angle -48) (layer F.SilkS) (width 0.12))
    (fp_arc (start 0 0) (end 1.535 0.684) (angle -48) (layer F.SilkS) (width 0.12))
    (fp_arc (start 0 0) (end 0 1.68) (angle -24) (layer F.SilkS) (width 0.12))
    (pad 2 thru_hole circle (at 5.08 0 90) (size 2.6 2.6) (drill 1.3) (layers *.Cu *.Mask)
      (net 11 GND))
    (pad 1 thru_hole rect (at 0 0 90) (size 2.6 2.6) (drill 1.3) (layers *.Cu *.Mask)
      (net 8 /ampli_ht_vertical/PIEZO_OUT))
    (model ${KISYS3DMOD}/TerminalBlock_Phoenix.3dshapes/TerminalBlock_Phoenix_MKDS-1,5-2-5.08_1x02_P5.08mm_Horizontal.wrl
      (at (xyz 0 0 0))
      (scale (xyz 1 1 1))
      (rotate (xyz 0 0 0))
    )
  )

  (module TerminalBlock_Phoenix:TerminalBlock_Phoenix_MKDS-1,5-2-5.08_1x02_P5.08mm_Horizontal (layer top_copper) (tedit 5A081FFE) (tstamp 5A611D8E)
    (at 94.615 111.633 270)
    (descr "Terminal Block Phoenix MKDS-1,5-2-5.08, 2 pins, pitch 5.08mm, size 10.16x9.8mm^2, drill diamater 1.3mm, pad diameter 2.6mm, see http://www.farnell.com/datasheets/100425.pdf, script-generated using https://github.com/pointhi/kicad-footprint-generator/scripts/TerminalBlock_Phoenix")
    (tags "THT Terminal Block Phoenix MKDS-1.5-2-5.08 pitch 5.08mm size 10.16x9.8mm^2 drill 1.3mm pad 2.6mm")
    (path /4B3A1333/4B3A1367)
    (fp_text reference P4 (at 2.54 -6.26 270) (layer F.SilkS)
      (effects (font (size 1 1) (thickness 0.15)))
    )
    (fp_text value CONN_2 (at 2.54 5.66 270) (layer F.Fab)
      (effects (font (size 1 1) (thickness 0.15)))
    )
    (fp_arc (start 0 0) (end 0 1.68) (angle -24) (layer F.SilkS) (width 0.12))
    (fp_arc (start 0 0) (end 1.535 0.684) (angle -48) (layer F.SilkS) (width 0.12))
    (fp_arc (start 0 0) (end 0.684 -1.535) (angle -48) (layer F.SilkS) (width 0.12))
    (fp_arc (start 0 0) (end -1.535 -0.684) (angle -48) (layer F.SilkS) (width 0.12))
    (fp_arc (start 0 0) (end -0.684 1.535) (angle -25) (layer F.SilkS) (width 0.12))
    (fp_circle (center 0 0) (end 1.5 0) (layer F.Fab) (width 0.1))
    (fp_circle (center 5.08 0) (end 6.58 0) (layer F.Fab) (width 0.1))
    (fp_circle (center 5.08 0) (end 6.76 0) (layer F.SilkS) (width 0.12))
    (fp_line (start -2.54 -5.2) (end 7.62 -5.2) (layer F.Fab) (width 0.1))
    (fp_line (start 7.62 -5.2) (end 7.62 4.6) (layer F.Fab) (width 0.1))
    (fp_line (start 7.62 4.6) (end -2.04 4.6) (layer F.Fab) (width 0.1))
    (fp_line (start -2.04 4.6) (end -2.54 4.1) (layer F.Fab) (width 0.1))
    (fp_line (start -2.54 4.1) (end -2.54 -5.2) (layer F.Fab) (width 0.1))
    (fp_line (start -2.54 4.1) (end 7.62 4.1) (layer F.Fab) (width 0.1))
    (fp_line (start -2.6 4.1) (end 7.68 4.1) (layer F.SilkS) (width 0.12))
    (fp_line (start -2.54 2.6) (end 7.62 2.6) (layer F.Fab) (width 0.1))
    (fp_line (start -2.6 2.6) (end 7.68 2.6) (layer F.SilkS) (width 0.12))
    (fp_line (start -2.54 -2.3) (end 7.62 -2.3) (layer F.Fab) (width 0.1))
    (fp_line (start -2.6 -2.301) (end 7.68 -2.301) (layer F.SilkS) (width 0.12))
    (fp_line (start -2.6 -5.261) (end 7.68 -5.261) (layer F.SilkS) (width 0.12))
    (fp_line (start -2.6 4.66) (end 7.68 4.66) (layer F.SilkS) (width 0.12))
    (fp_line (start -2.6 -5.261) (end -2.6 4.66) (layer F.SilkS) (width 0.12))
    (fp_line (start 7.68 -5.261) (end 7.68 4.66) (layer F.SilkS) (width 0.12))
    (fp_line (start 1.138 -0.955) (end -0.955 1.138) (layer F.Fab) (width 0.1))
    (fp_line (start 0.955 -1.138) (end -1.138 0.955) (layer F.Fab) (width 0.1))
    (fp_line (start 6.218 -0.955) (end 4.126 1.138) (layer F.Fab) (width 0.1))
    (fp_line (start 6.035 -1.138) (end 3.943 0.955) (layer F.Fab) (width 0.1))
    (fp_line (start 6.355 -1.069) (end 6.308 -1.023) (layer F.SilkS) (width 0.12))
    (fp_line (start 4.046 1.239) (end 4.011 1.274) (layer F.SilkS) (width 0.12))
    (fp_line (start 6.15 -1.275) (end 6.115 -1.239) (layer F.SilkS) (width 0.12))
    (fp_line (start 3.853 1.023) (end 3.806 1.069) (layer F.SilkS) (width 0.12))
    (fp_line (start -2.84 4.16) (end -2.84 4.9) (layer F.SilkS) (width 0.12))
    (fp_line (start -2.84 4.9) (end -2.34 4.9) (layer F.SilkS) (width 0.12))
    (fp_line (start -3.05 -5.75) (end -3.05 5.1) (layer F.CrtYd) (width 0.05))
    (fp_line (start -3.05 5.1) (end 8.15 5.1) (layer F.CrtYd) (width 0.05))
    (fp_line (start 8.15 5.1) (end 8.15 -5.75) (layer F.CrtYd) (width 0.05))
    (fp_line (start 8.15 -5.75) (end -3.05 -5.75) (layer F.CrtYd) (width 0.05))
    (fp_text user %R (at 2.54 3.2 270) (layer F.Fab)
      (effects (font (size 1 1) (thickness 0.15)))
    )
    (pad 1 thru_hole rect (at 0 0 270) (size 2.6 2.6) (drill 1.3) (layers *.Cu *.Mask)
      (net 7 /ampli_ht_vertical/PIEZO_IN))
    (pad 2 thru_hole circle (at 5.08 0 270) (size 2.6 2.6) (drill 1.3) (layers *.Cu *.Mask)
      (net 11 GND))
    (model ${KISYS3DMOD}/TerminalBlock_Phoenix.3dshapes/TerminalBlock_Phoenix_MKDS-1,5-2-5.08_1x02_P5.08mm_Horizontal.wrl
      (at (xyz 0 0 0))
      (scale (xyz 1 1 1))
      (rotate (xyz 0 0 0))
    )
  )

  (module TerminalBlock_Phoenix:TerminalBlock_Phoenix_MKDS-1,5-2-5.08_1x02_P5.08mm_Horizontal (layer top_copper) (tedit 5A081FFE) (tstamp 5A611D63)
    (at 95.885 69.596 270)
    (descr "Terminal Block Phoenix MKDS-1,5-2-5.08, 2 pins, pitch 5.08mm, size 10.16x9.8mm^2, drill diamater 1.3mm, pad diameter 2.6mm, see http://www.farnell.com/datasheets/100425.pdf, script-generated using https://github.com/pointhi/kicad-footprint-generator/scripts/TerminalBlock_Phoenix")
    (tags "THT Terminal Block Phoenix MKDS-1.5-2-5.08 pitch 5.08mm size 10.16x9.8mm^2 drill 1.3mm pad 2.6mm")
    (path /4AD71B06)
    (fp_text reference P2 (at 2.54 -6.26 270) (layer F.SilkS)
      (effects (font (size 1 1) (thickness 0.15)))
    )
    (fp_text value CONN_2 (at 2.54 5.66 270) (layer F.Fab)
      (effects (font (size 1 1) (thickness 0.15)))
    )
    (fp_text user %R (at 2.54 3.2 270) (layer F.Fab)
      (effects (font (size 1 1) (thickness 0.15)))
    )
    (fp_line (start 8.15 -5.75) (end -3.05 -5.75) (layer F.CrtYd) (width 0.05))
    (fp_line (start 8.15 5.1) (end 8.15 -5.75) (layer F.CrtYd) (width 0.05))
    (fp_line (start -3.05 5.1) (end 8.15 5.1) (layer F.CrtYd) (width 0.05))
    (fp_line (start -3.05 -5.75) (end -3.05 5.1) (layer F.CrtYd) (width 0.05))
    (fp_line (start -2.84 4.9) (end -2.34 4.9) (layer F.SilkS) (width 0.12))
    (fp_line (start -2.84 4.16) (end -2.84 4.9) (layer F.SilkS) (width 0.12))
    (fp_line (start 3.853 1.023) (end 3.806 1.069) (layer F.SilkS) (width 0.12))
    (fp_line (start 6.15 -1.275) (end 6.115 -1.239) (layer F.SilkS) (width 0.12))
    (fp_line (start 4.046 1.239) (end 4.011 1.274) (layer F.SilkS) (width 0.12))
    (fp_line (start 6.355 -1.069) (end 6.308 -1.023) (layer F.SilkS) (width 0.12))
    (fp_line (start 6.035 -1.138) (end 3.943 0.955) (layer F.Fab) (width 0.1))
    (fp_line (start 6.218 -0.955) (end 4.126 1.138) (layer F.Fab) (width 0.1))
    (fp_line (start 0.955 -1.138) (end -1.138 0.955) (layer F.Fab) (width 0.1))
    (fp_line (start 1.138 -0.955) (end -0.955 1.138) (layer F.Fab) (width 0.1))
    (fp_line (start 7.68 -5.261) (end 7.68 4.66) (layer F.SilkS) (width 0.12))
    (fp_line (start -2.6 -5.261) (end -2.6 4.66) (layer F.SilkS) (width 0.12))
    (fp_line (start -2.6 4.66) (end 7.68 4.66) (layer F.SilkS) (width 0.12))
    (fp_line (start -2.6 -5.261) (end 7.68 -5.261) (layer F.SilkS) (width 0.12))
    (fp_line (start -2.6 -2.301) (end 7.68 -2.301) (layer F.SilkS) (width 0.12))
    (fp_line (start -2.54 -2.3) (end 7.62 -2.3) (layer F.Fab) (width 0.1))
    (fp_line (start -2.6 2.6) (end 7.68 2.6) (layer F.SilkS) (width 0.12))
    (fp_line (start -2.54 2.6) (end 7.62 2.6) (layer F.Fab) (width 0.1))
    (fp_line (start -2.6 4.1) (end 7.68 4.1) (layer F.SilkS) (width 0.12))
    (fp_line (start -2.54 4.1) (end 7.62 4.1) (layer F.Fab) (width 0.1))
    (fp_line (start -2.54 4.1) (end -2.54 -5.2) (layer F.Fab) (width 0.1))
    (fp_line (start -2.04 4.6) (end -2.54 4.1) (layer F.Fab) (width 0.1))
    (fp_line (start 7.62 4.6) (end -2.04 4.6) (layer F.Fab) (width 0.1))
    (fp_line (start 7.62 -5.2) (end 7.62 4.6) (layer F.Fab) (width 0.1))
    (fp_line (start -2.54 -5.2) (end 7.62 -5.2) (layer F.Fab) (width 0.1))
    (fp_circle (center 5.08 0) (end 6.76 0) (layer F.SilkS) (width 0.12))
    (fp_circle (center 5.08 0) (end 6.58 0) (layer F.Fab) (width 0.1))
    (fp_circle (center 0 0) (end 1.5 0) (layer F.Fab) (width 0.1))
    (fp_arc (start 0 0) (end -0.684 1.535) (angle -25) (layer F.SilkS) (width 0.12))
    (fp_arc (start 0 0) (end -1.535 -0.684) (angle -48) (layer F.SilkS) (width 0.12))
    (fp_arc (start 0 0) (end 0.684 -1.535) (angle -48) (layer F.SilkS) (width 0.12))
    (fp_arc (start 0 0) (end 1.535 0.684) (angle -48) (layer F.SilkS) (width 0.12))
    (fp_arc (start 0 0) (end 0 1.68) (angle -24) (layer F.SilkS) (width 0.12))
    (pad 2 thru_hole circle (at 5.08 0 270) (size 2.6 2.6) (drill 1.3) (layers *.Cu *.Mask)
      (net 11 GND))
    (pad 1 thru_hole rect (at 0 0 270) (size 2.6 2.6) (drill 1.3) (layers *.Cu *.Mask)
      (net 2 /12Vext))
    (model ${KISYS3DMOD}/TerminalBlock_Phoenix.3dshapes/TerminalBlock_Phoenix_MKDS-1,5-2-5.08_1x02_P5.08mm_Horizontal.wrl
      (at (xyz 0 0 0))
      (scale (xyz 1 1 1))
      (rotate (xyz 0 0 0))
    )
  )

  (module TerminalBlock_Phoenix:TerminalBlock_Phoenix_MKDS-1,5-2-5.08_1x02_P5.08mm_Horizontal (layer top_copper) (tedit 5A081FFE) (tstamp 5A611D38)
    (at 95.758 56.896 270)
    (descr "Terminal Block Phoenix MKDS-1,5-2-5.08, 2 pins, pitch 5.08mm, size 10.16x9.8mm^2, drill diamater 1.3mm, pad diameter 2.6mm, see http://www.farnell.com/datasheets/100425.pdf, script-generated using https://github.com/pointhi/kicad-footprint-generator/scripts/TerminalBlock_Phoenix")
    (tags "THT Terminal Block Phoenix MKDS-1.5-2-5.08 pitch 5.08mm size 10.16x9.8mm^2 drill 1.3mm pad 2.6mm")
    (path /4B3A12F4)
    (fp_text reference P1 (at 2.54 -6.26 270) (layer F.SilkS)
      (effects (font (size 1 1) (thickness 0.15)))
    )
    (fp_text value CONN_2 (at 2.54 5.66 270) (layer F.Fab)
      (effects (font (size 1 1) (thickness 0.15)))
    )
    (fp_arc (start 0 0) (end 0 1.68) (angle -24) (layer F.SilkS) (width 0.12))
    (fp_arc (start 0 0) (end 1.535 0.684) (angle -48) (layer F.SilkS) (width 0.12))
    (fp_arc (start 0 0) (end 0.684 -1.535) (angle -48) (layer F.SilkS) (width 0.12))
    (fp_arc (start 0 0) (end -1.535 -0.684) (angle -48) (layer F.SilkS) (width 0.12))
    (fp_arc (start 0 0) (end -0.684 1.535) (angle -25) (layer F.SilkS) (width 0.12))
    (fp_circle (center 0 0) (end 1.5 0) (layer F.Fab) (width 0.1))
    (fp_circle (center 5.08 0) (end 6.58 0) (layer F.Fab) (width 0.1))
    (fp_circle (center 5.08 0) (end 6.76 0) (layer F.SilkS) (width 0.12))
    (fp_line (start -2.54 -5.2) (end 7.62 -5.2) (layer F.Fab) (width 0.1))
    (fp_line (start 7.62 -5.2) (end 7.62 4.6) (layer F.Fab) (width 0.1))
    (fp_line (start 7.62 4.6) (end -2.04 4.6) (layer F.Fab) (width 0.1))
    (fp_line (start -2.04 4.6) (end -2.54 4.1) (layer F.Fab) (width 0.1))
    (fp_line (start -2.54 4.1) (end -2.54 -5.2) (layer F.Fab) (width 0.1))
    (fp_line (start -2.54 4.1) (end 7.62 4.1) (layer F.Fab) (width 0.1))
    (fp_line (start -2.6 4.1) (end 7.68 4.1) (layer F.SilkS) (width 0.12))
    (fp_line (start -2.54 2.6) (end 7.62 2.6) (layer F.Fab) (width 0.1))
    (fp_line (start -2.6 2.6) (end 7.68 2.6) (layer F.SilkS) (width 0.12))
    (fp_line (start -2.54 -2.3) (end 7.62 -2.3) (layer F.Fab) (width 0.1))
    (fp_line (start -2.6 -2.301) (end 7.68 -2.301) (layer F.SilkS) (width 0.12))
    (fp_line (start -2.6 -5.261) (end 7.68 -5.261) (layer F.SilkS) (width 0.12))
    (fp_line (start -2.6 4.66) (end 7.68 4.66) (layer F.SilkS) (width 0.12))
    (fp_line (start -2.6 -5.261) (end -2.6 4.66) (layer F.SilkS) (width 0.12))
    (fp_line (start 7.68 -5.261) (end 7.68 4.66) (layer F.SilkS) (width 0.12))
    (fp_line (start 1.138 -0.955) (end -0.955 1.138) (layer F.Fab) (width 0.1))
    (fp_line (start 0.955 -1.138) (end -1.138 0.955) (layer F.Fab) (width 0.1))
    (fp_line (start 6.218 -0.955) (end 4.126 1.138) (layer F.Fab) (width 0.1))
    (fp_line (start 6.035 -1.138) (end 3.943 0.955) (layer F.Fab) (width 0.1))
    (fp_line (start 6.355 -1.069) (end 6.308 -1.023) (layer F.SilkS) (width 0.12))
    (fp_line (start 4.046 1.239) (end 4.011 1.274) (layer F.SilkS) (width 0.12))
    (fp_line (start 6.15 -1.275) (end 6.115 -1.239) (layer F.SilkS) (width 0.12))
    (fp_line (start 3.853 1.023) (end 3.806 1.069) (layer F.SilkS) (width 0.12))
    (fp_line (start -2.84 4.16) (end -2.84 4.9) (layer F.SilkS) (width 0.12))
    (fp_line (start -2.84 4.9) (end -2.34 4.9) (layer F.SilkS) (width 0.12))
    (fp_line (start -3.05 -5.75) (end -3.05 5.1) (layer F.CrtYd) (width 0.05))
    (fp_line (start -3.05 5.1) (end 8.15 5.1) (layer F.CrtYd) (width 0.05))
    (fp_line (start 8.15 5.1) (end 8.15 -5.75) (layer F.CrtYd) (width 0.05))
    (fp_line (start 8.15 -5.75) (end -3.05 -5.75) (layer F.CrtYd) (width 0.05))
    (fp_text user %R (at 2.54 3.2 270) (layer F.Fab)
      (effects (font (size 1 1) (thickness 0.15)))
    )
    (pad 1 thru_hole rect (at 0 0 270) (size 2.6 2.6) (drill 1.3) (layers *.Cu *.Mask)
      (net 12 HT))
    (pad 2 thru_hole circle (at 5.08 0 270) (size 2.6 2.6) (drill 1.3) (layers *.Cu *.Mask)
      (net 11 GND))
    (model ${KISYS3DMOD}/TerminalBlock_Phoenix.3dshapes/TerminalBlock_Phoenix_MKDS-1,5-2-5.08_1x02_P5.08mm_Horizontal.wrl
      (at (xyz 0 0 0))
      (scale (xyz 1 1 1))
      (rotate (xyz 0 0 0))
    )
  )

  (module Diode_THT:D_DO-35_SOD27_P7.62mm_Horizontal (layer top_copper) (tedit 5A195B5A) (tstamp 5A5987A9)
    (at 145.415 97.536 90)
    (descr "D, DO-35_SOD27 series, Axial, Horizontal, pin pitch=7.62mm, , length*diameter=4*2mm^2, , http://www.diodes.com/_files/packages/DO-35.pdf")
    (tags "D DO-35_SOD27 series Axial Horizontal pin pitch 7.62mm  length 4mm diameter 2mm")
    (path /4B3A13A4/4B616AFA)
    (fp_text reference D9 (at 3.81 -2.12 90) (layer F.SilkS)
      (effects (font (size 1 1) (thickness 0.15)))
    )
    (fp_text value 1N4148 (at 3.81 2.12 90) (layer F.Fab)
      (effects (font (size 1 1) (thickness 0.15)))
    )
    (fp_text user K (at 0 -1.8 90) (layer F.SilkS)
      (effects (font (size 1 1) (thickness 0.15)))
    )
    (fp_text user K (at 0 -1.8 90) (layer F.Fab)
      (effects (font (size 1 1) (thickness 0.15)))
    )
    (fp_text user %R (at 4.11 0 90) (layer F.Fab)
      (effects (font (size 0.8 0.8) (thickness 0.12)))
    )
    (fp_line (start 8.7 -1.4) (end -1.05 -1.4) (layer F.CrtYd) (width 0.05))
    (fp_line (start 8.7 1.4) (end 8.7 -1.4) (layer F.CrtYd) (width 0.05))
    (fp_line (start -1.05 1.4) (end 8.7 1.4) (layer F.CrtYd) (width 0.05))
    (fp_line (start -1.05 -1.4) (end -1.05 1.4) (layer F.CrtYd) (width 0.05))
    (fp_line (start 2.29 -1.12) (end 2.29 1.12) (layer F.SilkS) (width 0.12))
    (fp_line (start 2.53 -1.12) (end 2.53 1.12) (layer F.SilkS) (width 0.12))
    (fp_line (start 2.41 -1.12) (end 2.41 1.12) (layer F.SilkS) (width 0.12))
    (fp_line (start 6.58 0) (end 5.93 0) (layer F.SilkS) (width 0.12))
    (fp_line (start 1.04 0) (end 1.69 0) (layer F.SilkS) (width 0.12))
    (fp_line (start 5.93 -1.12) (end 1.69 -1.12) (layer F.SilkS) (width 0.12))
    (fp_line (start 5.93 1.12) (end 5.93 -1.12) (layer F.SilkS) (width 0.12))
    (fp_line (start 1.69 1.12) (end 5.93 1.12) (layer F.SilkS) (width 0.12))
    (fp_line (start 1.69 -1.12) (end 1.69 1.12) (layer F.SilkS) (width 0.12))
    (fp_line (start 2.31 -1) (end 2.31 1) (layer F.Fab) (width 0.1))
    (fp_line (start 2.51 -1) (end 2.51 1) (layer F.Fab) (width 0.1))
    (fp_line (start 2.41 -1) (end 2.41 1) (layer F.Fab) (width 0.1))
    (fp_line (start 7.62 0) (end 5.81 0) (layer F.Fab) (width 0.1))
    (fp_line (start 0 0) (end 1.81 0) (layer F.Fab) (width 0.1))
    (fp_line (start 5.81 -1) (end 1.81 -1) (layer F.Fab) (width 0.1))
    (fp_line (start 5.81 1) (end 5.81 -1) (layer F.Fab) (width 0.1))
    (fp_line (start 1.81 1) (end 5.81 1) (layer F.Fab) (width 0.1))
    (fp_line (start 1.81 -1) (end 1.81 1) (layer F.Fab) (width 0.1))
    (pad 2 thru_hole oval (at 7.62 0 90) (size 1.6 1.6) (drill 0.8) (layers *.Cu *.Mask)
      (net 51 "Net-(D9-Pad2)"))
    (pad 1 thru_hole rect (at 0 0 90) (size 1.6 1.6) (drill 0.8) (layers *.Cu *.Mask)
      (net 26 "Net-(D7-Pad2)"))
    (model ${KISYS3DMOD}/Diode_THT.3dshapes/D_DO-35_SOD27_P7.62mm_Horizontal.wrl
      (at (xyz 0 0 0))
      (scale (xyz 1 1 1))
      (rotate (xyz 0 0 0))
    )
  )

  (module Diode_THT:D_DO-35_SOD27_P7.62mm_Horizontal (layer top_copper) (tedit 5A195B5A) (tstamp 5A59878B)
    (at 140.97 123.571 90)
    (descr "D, DO-35_SOD27 series, Axial, Horizontal, pin pitch=7.62mm, , length*diameter=4*2mm^2, , http://www.diodes.com/_files/packages/DO-35.pdf")
    (tags "D DO-35_SOD27 series Axial Horizontal pin pitch 7.62mm  length 4mm diameter 2mm")
    (path /4B3A1333/4B3A137B)
    (fp_text reference D4 (at 3.81 -2.12 90) (layer F.SilkS)
      (effects (font (size 1 1) (thickness 0.15)))
    )
    (fp_text value 1N4148 (at 3.81 2.12 90) (layer F.Fab)
      (effects (font (size 1 1) (thickness 0.15)))
    )
    (fp_line (start 1.81 -1) (end 1.81 1) (layer F.Fab) (width 0.1))
    (fp_line (start 1.81 1) (end 5.81 1) (layer F.Fab) (width 0.1))
    (fp_line (start 5.81 1) (end 5.81 -1) (layer F.Fab) (width 0.1))
    (fp_line (start 5.81 -1) (end 1.81 -1) (layer F.Fab) (width 0.1))
    (fp_line (start 0 0) (end 1.81 0) (layer F.Fab) (width 0.1))
    (fp_line (start 7.62 0) (end 5.81 0) (layer F.Fab) (width 0.1))
    (fp_line (start 2.41 -1) (end 2.41 1) (layer F.Fab) (width 0.1))
    (fp_line (start 2.51 -1) (end 2.51 1) (layer F.Fab) (width 0.1))
    (fp_line (start 2.31 -1) (end 2.31 1) (layer F.Fab) (width 0.1))
    (fp_line (start 1.69 -1.12) (end 1.69 1.12) (layer F.SilkS) (width 0.12))
    (fp_line (start 1.69 1.12) (end 5.93 1.12) (layer F.SilkS) (width 0.12))
    (fp_line (start 5.93 1.12) (end 5.93 -1.12) (layer F.SilkS) (width 0.12))
    (fp_line (start 5.93 -1.12) (end 1.69 -1.12) (layer F.SilkS) (width 0.12))
    (fp_line (start 1.04 0) (end 1.69 0) (layer F.SilkS) (width 0.12))
    (fp_line (start 6.58 0) (end 5.93 0) (layer F.SilkS) (width 0.12))
    (fp_line (start 2.41 -1.12) (end 2.41 1.12) (layer F.SilkS) (width 0.12))
    (fp_line (start 2.53 -1.12) (end 2.53 1.12) (layer F.SilkS) (width 0.12))
    (fp_line (start 2.29 -1.12) (end 2.29 1.12) (layer F.SilkS) (width 0.12))
    (fp_line (start -1.05 -1.4) (end -1.05 1.4) (layer F.CrtYd) (width 0.05))
    (fp_line (start -1.05 1.4) (end 8.7 1.4) (layer F.CrtYd) (width 0.05))
    (fp_line (start 8.7 1.4) (end 8.7 -1.4) (layer F.CrtYd) (width 0.05))
    (fp_line (start 8.7 -1.4) (end -1.05 -1.4) (layer F.CrtYd) (width 0.05))
    (fp_text user %R (at 4.11 0 90) (layer F.Fab)
      (effects (font (size 0.8 0.8) (thickness 0.12)))
    )
    (fp_text user K (at 0 -1.8 90) (layer F.Fab)
      (effects (font (size 1 1) (thickness 0.15)))
    )
    (fp_text user K (at 0 -1.8 90) (layer F.SilkS)
      (effects (font (size 1 1) (thickness 0.15)))
    )
    (pad 1 thru_hole rect (at 0 0 90) (size 1.6 1.6) (drill 0.8) (layers *.Cu *.Mask)
      (net 23 "Net-(D4-Pad1)"))
    (pad 2 thru_hole oval (at 7.62 0 90) (size 1.6 1.6) (drill 0.8) (layers *.Cu *.Mask)
      (net 24 "Net-(D4-Pad2)"))
    (model ${KISYS3DMOD}/Diode_THT.3dshapes/D_DO-35_SOD27_P7.62mm_Horizontal.wrl
      (at (xyz 0 0 0))
      (scale (xyz 1 1 1))
      (rotate (xyz 0 0 0))
    )
  )

  (module Diode_THT:D_DO-35_SOD27_P7.62mm_Horizontal (layer top_copper) (tedit 5A195B5A) (tstamp 5A59876D)
    (at 132.715 82.296 180)
    (descr "D, DO-35_SOD27 series, Axial, Horizontal, pin pitch=7.62mm, , length*diameter=4*2mm^2, , http://www.diodes.com/_files/packages/DO-35.pdf")
    (tags "D DO-35_SOD27 series Axial Horizontal pin pitch 7.62mm  length 4mm diameter 2mm")
    (path /4B3A13A4/4B3A1377)
    (fp_text reference D6 (at 3.81 -2.12 180) (layer F.SilkS)
      (effects (font (size 1 1) (thickness 0.15)))
    )
    (fp_text value 1N4148 (at 3.81 2.12 180) (layer F.Fab)
      (effects (font (size 1 1) (thickness 0.15)))
    )
    (fp_text user K (at 0 -1.8 180) (layer F.SilkS)
      (effects (font (size 1 1) (thickness 0.15)))
    )
    (fp_text user K (at 0 -1.8 180) (layer F.Fab)
      (effects (font (size 1 1) (thickness 0.15)))
    )
    (fp_text user %R (at 4.11 0 180) (layer F.Fab)
      (effects (font (size 0.8 0.8) (thickness 0.12)))
    )
    (fp_line (start 8.7 -1.4) (end -1.05 -1.4) (layer F.CrtYd) (width 0.05))
    (fp_line (start 8.7 1.4) (end 8.7 -1.4) (layer F.CrtYd) (width 0.05))
    (fp_line (start -1.05 1.4) (end 8.7 1.4) (layer F.CrtYd) (width 0.05))
    (fp_line (start -1.05 -1.4) (end -1.05 1.4) (layer F.CrtYd) (width 0.05))
    (fp_line (start 2.29 -1.12) (end 2.29 1.12) (layer F.SilkS) (width 0.12))
    (fp_line (start 2.53 -1.12) (end 2.53 1.12) (layer F.SilkS) (width 0.12))
    (fp_line (start 2.41 -1.12) (end 2.41 1.12) (layer F.SilkS) (width 0.12))
    (fp_line (start 6.58 0) (end 5.93 0) (layer F.SilkS) (width 0.12))
    (fp_line (start 1.04 0) (end 1.69 0) (layer F.SilkS) (width 0.12))
    (fp_line (start 5.93 -1.12) (end 1.69 -1.12) (layer F.SilkS) (width 0.12))
    (fp_line (start 5.93 1.12) (end 5.93 -1.12) (layer F.SilkS) (width 0.12))
    (fp_line (start 1.69 1.12) (end 5.93 1.12) (layer F.SilkS) (width 0.12))
    (fp_line (start 1.69 -1.12) (end 1.69 1.12) (layer F.SilkS) (width 0.12))
    (fp_line (start 2.31 -1) (end 2.31 1) (layer F.Fab) (width 0.1))
    (fp_line (start 2.51 -1) (end 2.51 1) (layer F.Fab) (width 0.1))
    (fp_line (start 2.41 -1) (end 2.41 1) (layer F.Fab) (width 0.1))
    (fp_line (start 7.62 0) (end 5.81 0) (layer F.Fab) (width 0.1))
    (fp_line (start 0 0) (end 1.81 0) (layer F.Fab) (width 0.1))
    (fp_line (start 5.81 -1) (end 1.81 -1) (layer F.Fab) (width 0.1))
    (fp_line (start 5.81 1) (end 5.81 -1) (layer F.Fab) (width 0.1))
    (fp_line (start 1.81 1) (end 5.81 1) (layer F.Fab) (width 0.1))
    (fp_line (start 1.81 -1) (end 1.81 1) (layer F.Fab) (width 0.1))
    (pad 2 thru_hole oval (at 7.62 0 180) (size 1.6 1.6) (drill 0.8) (layers *.Cu *.Mask)
      (net 48 "Net-(D5-Pad1)"))
